date,open,high,low,close,volume
1667005200000,0.2411,0.2416,0.2407,0.2408,60110.8
1667008800000,0.2409,0.2414,0.2393,0.2406,223432.8
1667012400000,0.2406,0.2449,0.2402,0.2431,811040.9
1667016000000,0.243,0.2451,0.2421,0.2423,382226.3
1667019600000,0.2424,0.2443,0.2424,0.2432,160749
1667023200000,0.2433,0.2441,0.2431,0.2435,148520.6
1667026800000,0.2435,0.2447,0.2433,0.2445,151977.2
1667030400000,0.2445,0.246,0.2429,0.246,538381.1
1667034000000,0.246,0.2461,0.2433,0.2444,603438
1667037600000,0.2444,0.2451,0.241,0.2414,460374.9
1667041200000,0.2415,0.2423,0.2395,0.2406,382526.6
1667044800000,0.2407,0.2433,0.2402,0.2433,316822.9
1667048400000,0.2432,0.2436,0.2408,0.2429,193183.7
1667052000000,0.2428,0.2445,0.2417,0.2419,256888.4
1667055600000,0.2421,0.2442,0.2418,0.2439,202524.1
1667059200000,0.2441,0.2499,0.2437,0.2494,651434
1667062800000,0.2492,0.28,0.2476,0.2589,7921121.3
1667066400000,0.2588,0.2727,0.249,0.2724,6689649.1
1667070000000,0.2726,0.2767,0.2592,0.2625,5636419.8
1667073600000,0.2627,0.2651,0.2566,0.2643,1951292.3
1667077200000,0.2644,0.2657,0.2607,0.2612,890355.6
1667080800000,0.2611,0.2623,0.2591,0.2592,666358.4
1667084400000,0.2592,0.2627,0.2574,0.2627,685356.6
1667088000000,0.2627,0.2632,0.255,0.2553,987540.2
1667091600000,0.2555,0.2599,0.2536,0.2592,722270.3
1667095200000,0.2593,0.2604,0.2575,0.26,198330.1
1667098800000,0.2603,0.2615,0.2587,0.2594,202470.6
1667102400000,0.2595,0.2597,0.2552,0.2553,245646.1
1667106000000,0.2556,0.2584,0.2556,0.2571,373826.8
1667109600000,0.2572,0.2607,0.2553,0.2585,957343.9
1667113200000,0.2585,0.2622,0.2569,0.2616,1602716.8
1667116800000,0.2618,0.2624,0.2514,0.2561,1128669.5
1667120400000,0.2564,0.2584,0.2512,0.2532,979951.4
1667124000000,0.2531,0.2548,0.2528,0.253,591261.7
1667127600000,0.253,0.2544,0.2515,0.2537,318372.2
1667131200000,0.2538,0.254,0.2507,0.2525,419240.1
1667134800000,0.2524,0.2531,0.2482,0.25,635558.7
1667138400000,0.25,0.2524,0.2497,0.2523,382688.3
1667142000000,0.2524,0.2532,0.247,0.2472,504306.8
1667145600000,0.2471,0.2506,0.2467,0.2475,521475.2
1667149200000,0.2475,0.2497,0.2474,0.2489,285056.4
1667152800000,0.2492,0.2507,0.2489,0.2499,257295.7
1667156400000,0.2498,0.2504,0.2493,0.2497,121180.9
1667160000000,0.2494,0.2502,0.2488,0.2495,109362.4
1667163600000,0.2495,0.2509,0.2486,0.2494,237839
1667167200000,0.2494,0.2497,0.244,0.2473,491318.7
1667170800000,0.2474,0.2488,0.247,0.2483,151011.2
1667174400000,0.2483,0.2505,0.2475,0.2477,491985.7
1667178000000,0.248,0.2502,0.2456,0.2472,610348.4
1667181600000,0.2472,0.2474,0.2437,0.2471,438706.6
1667185200000,0.2472,0.2505,0.247,0.2505,438804
1667188800000,0.2505,0.2547,0.2502,0.2506,859326.5
1667192400000,0.2505,0.2512,0.2492,0.2496,71482.7
1667196000000,0.2496,0.2499,0.2466,0.2486,217611.3
1667199600000,0.2486,0.2494,0.2472,0.2493,108985.6
1667203200000,0.2492,0.2496,0.2463,0.247,199108.6
1667206800000,0.2469,0.2544,0.2463,0.2541,479930.3
1667210400000,0.2542,0.2544,0.2512,0.252,234272.3
1667214000000,0.2521,0.2525,0.2508,0.2511,553166.6
1667217600000,0.2511,0.2538,0.2499,0.2515,456411.8
1667221200000,0.2515,0.2542,0.2447,0.2448,874107.1
1667224800000,0.2448,0.2489,0.2432,0.2473,1115633.1
1667228400000,0.2472,0.2493,0.2464,0.248,207379.7
1667232000000,0.248,0.2512,0.2468,0.2486,335655.6
1667235600000,0.2485,0.2504,0.2481,0.2501,636349.1
1667239200000,0.25,0.2512,0.2487,0.2507,507283.5
1667242800000,0.2507,0.2509,0.2486,0.2501,363258.4
1667246400000,0.2501,0.252,0.2495,0.25,235845
1667250000000,0.2499,0.2542,0.2497,0.2536,651766.7
1667253600000,0.2537,0.2573,0.2521,0.2571,748858.5
1667257200000,0.2571,0.2583,0.2559,0.2564,295409.8
1667260800000,0.2564,0.2606,0.2564,0.258,703390.8
1667264400000,0.258,0.2594,0.2579,0.2588,245231.9
1667268000000,0.259,0.2598,0.2565,0.2572,271994
1667271600000,0.2572,0.2574,0.2544,0.2546,324940.6
1667275200000,0.2545,0.2553,0.252,0.2529,220474.5
1667278800000,0.2529,0.2533,0.2515,0.2524,217840.7
1667282400000,0.2525,0.2543,0.2522,0.2531,179840.1
1667286000000,0.2531,0.2539,0.251,0.2515,211282
1667289600000,0.2515,0.2522,0.2502,0.2504,179834.3
1667293200000,0.2504,0.2531,0.2504,0.2514,277879.6
1667296800000,0.2513,0.2528,0.2504,0.2527,235945.6
1667300400000,0.2527,0.2527,0.2482,0.2522,524896.2
1667304000000,0.2523,0.2545,0.25,0.2545,437804.9
1667307600000,0.2545,0.2565,0.2505,0.2519,650657.9
1667311200000,0.2519,0.2547,0.2505,0.2533,412507.2
1667314800000,0.2532,0.2552,0.2532,0.2538,277615.9
1667318400000,0.2537,0.2545,0.2508,0.2511,365690.9
1667322000000,0.2511,0.2519,0.2504,0.2508,190912.6
1667325600000,0.2509,0.251,0.2503,0.2507,65267.8
1667329200000,0.2506,0.2517,0.249,0.2497,365962.4
1667332800000,0.2495,0.2495,0.2485,0.2487,74511.1
1667336400000,0.2487,0.2495,0.2479,0.2484,241867.1
1667340000000,0.2485,0.2485,0.2479,0.2482,53119
1667343600000,0.2482,0.2487,0.2478,0.2479,198363.3
1667347200000,0.248,0.248,0.2443,0.2472,901916.1
1667350800000,0.2473,0.2475,0.2458,0.2461,123770.1
1667354400000,0.2462,0.2462,0.2434,0.2443,489936.5
1667358000000,0.2443,0.2458,0.2443,0.2457,122855.9
1667361600000,0.2458,0.2459,0.244,0.2446,204714.1
1667365200000,0.2446,0.245,0.2439,0.2444,117717.6
1667368800000,0.2443,0.2465,0.2428,0.2451,717433
1667372400000,0.2451,0.2459,0.2413,0.2438,521433.1
1667376000000,0.2438,0.2483,0.2425,0.2469,442627.7
1667379600000,0.2467,0.2469,0.2395,0.2395,718470.4
1667383200000,0.2396,0.2412,0.2372,0.2411,370705.8
1667386800000,0.2412,0.2416,0.2398,0.24,229541.5
1667390400000,0.2401,0.2406,0.2386,0.2391,229418.3
1667394000000,0.2392,0.2407,0.2385,0.2398,291225.2
1667397600000,0.2398,0.242,0.2396,0.2406,218683.5
1667401200000,0.2405,0.2408,0.2396,0.2404,143218.1
1667404800000,0.2405,0.2424,0.2377,0.2421,282366
1667408400000,0.2421,0.2421,0.2375,0.2385,359320.5
1667412000000,0.2386,0.2483,0.2381,0.2423,2822985
1667415600000,0.2422,0.2458,0.2385,0.2399,655220.5
1667419200000,0.2397,0.2409,0.2338,0.2382,784723.2
1667422800000,0.2381,0.2414,0.2376,0.2412,338339
1667426400000,0.2409,0.2409,0.2387,0.2393,275159.1
1667430000000,0.2392,0.2425,0.2392,0.2411,222113.2
1667433600000,0.2412,0.2445,0.2405,0.2441,239540.1
1667437200000,0.2442,0.2466,0.2428,0.2446,458179.4
1667440800000,0.2446,0.248,0.2446,0.2475,386998.6
1667444400000,0.2475,0.2509,0.2475,0.2506,364576.5
1667448000000,0.2507,0.2512,0.2479,0.2486,892655
1667451600000,0.2487,0.2586,0.2487,0.2584,1445207.9
1667455200000,0.2584,0.2588,0.2519,0.256,1138343.1
1667458800000,0.2561,0.2573,0.2517,0.252,565672.4
1667462400000,0.252,0.255,0.252,0.2536,601981.8
1667466000000,0.2536,0.2542,0.253,0.2537,177669.4
1667469600000,0.2537,0.2579,0.2529,0.2532,779992
1667473200000,0.2533,0.2543,0.2478,0.2515,784475.2
1667476800000,0.2516,0.2547,0.247,0.2497,1105845.8
1667480400000,0.2498,0.2546,0.2494,0.2494,613848.7
1667484000000,0.2495,0.2578,0.2495,0.2578,811676.4
1667487600000,0.2579,0.2579,0.2551,0.2564,255297.8
1667491200000,0.2564,0.2629,0.2557,0.2627,660828.4
1667494800000,0.2628,0.2653,0.2588,0.2622,1194995.1
1667498400000,0.2622,0.2631,0.2593,0.2629,914182.1
1667502000000,0.2629,0.2629,0.2594,0.2603,498136.5
1667505600000,0.2603,0.2617,0.2578,0.2585,568320.4
1667509200000,0.2585,0.2603,0.2578,0.2595,463637.7
1667512800000,0.2594,0.2594,0.2533,0.2536,720581.9
1667516400000,0.2535,0.2572,0.2525,0.2571,330067.4
1667520000000,0.257,0.2615,0.2555,0.2614,716850.7
1667523600000,0.2612,0.263,0.257,0.2579,438767.4
1667527200000,0.2579,0.2619,0.2577,0.2583,517701.8
1667530800000,0.2585,0.2615,0.2579,0.2615,288152.5
1667534400000,0.2615,0.2618,0.2593,0.2596,291196.8
1667538000000,0.2597,0.2608,0.2561,0.258,428222.8
1667541600000,0.2581,0.2676,0.2581,0.2667,1057404
1667545200000,0.2667,0.2809,0.2654,0.274,3708888
1667548800000,0.274,0.2771,0.2698,0.2732,1909239.9
1667552400000,0.2734,0.2736,0.263,0.2655,1886878.3
1667556000000,0.2656,0.2669,0.2642,0.2656,356849.8
1667559600000,0.2657,0.2658,0.2606,0.2607,625866.4
1667563200000,0.2609,0.2669,0.2582,0.2668,1233181.7
1667566800000,0.2668,0.268,0.2637,0.265,738630.8
1667570400000,0.2651,0.2721,0.2647,0.2701,931885.5
1667574000000,0.27,0.2704,0.2628,0.2628,668890.6
1667577600000,0.2628,0.2672,0.2628,0.266,502048.6
1667581200000,0.266,0.2683,0.2653,0.2674,284454.1
1667584800000,0.2674,0.2694,0.2666,0.2686,285495.9
1667588400000,0.2688,0.273,0.2684,0.2717,417049.8
1667592000000,0.2717,0.2736,0.2702,0.2727,308055.1
1667595600000,0.2727,0.274,0.272,0.274,268442.5
1667599200000,0.274,0.2748,0.273,0.2735,214438.1
1667602800000,0.2735,0.275,0.272,0.2742,229962.4
1667606400000,0.2742,0.277,0.2715,0.2768,643944.5
1667610000000,0.2768,0.2794,0.2758,0.2774,539157.8
1667613600000,0.2775,0.2779,0.2737,0.2753,473929.3
1667617200000,0.2753,0.2764,0.2718,0.2747,548490.3
1667620800000,0.2748,0.2761,0.2714,0.2714,299645.4
1667624400000,0.2714,0.275,0.2714,0.274,234463.8
1667628000000,0.274,0.2777,0.2738,0.2766,422551.6
1667631600000,0.2766,0.2769,0.2746,0.2768,312282.9
1667635200000,0.2768,0.2768,0.2709,0.2728,972468.1
1667638800000,0.2731,0.2739,0.2694,0.2705,418351.6
1667642400000,0.2706,0.277,0.2706,0.2769,456534.7
1667646000000,0.2768,0.277,0.2747,0.2747,509844.7
1667649600000,0.2747,0.2759,0.2727,0.2729,376769.4
1667653200000,0.2729,0.274,0.2716,0.2731,262420.9
1667656800000,0.2729,0.2735,0.2703,0.272,214675.8
1667660400000,0.2719,0.2749,0.2713,0.2737,290188.9
1667664000000,0.2736,0.2751,0.2733,0.2751,178834.3
1667667600000,0.275,0.275,0.2728,0.2736,128597.8
1667671200000,0.2739,0.2739,0.2692,0.2694,328941.9
1667674800000,0.2694,0.2715,0.2694,0.271,258020.8
1667678400000,0.2709,0.2712,0.2699,0.2708,144779.2
1667682000000,0.2708,0.2708,0.2691,0.27,76118.7
1667685600000,0.27,0.2741,0.2697,0.2723,232156.1
1667689200000,0.2726,0.2726,0.2599,0.2676,2230972.6
1667692800000,0.2677,0.2707,0.2652,0.268,728459.1
1667696400000,0.2679,0.27,0.2649,0.2653,321254.1
1667700000000,0.2654,0.2687,0.2654,0.2666,397575.7
1667703600000,0.2666,0.2695,0.2666,0.2692,134341.8
1667707200000,0.2692,0.2698,0.2682,0.2684,98085.4
1667710800000,0.2686,0.269,0.2654,0.2659,265034.7
1667714400000,0.2658,0.2672,0.2655,0.2662,135119
1667718000000,0.2662,0.267,0.2662,0.2663,70712.9
1667721600000,0.2665,0.2685,0.2655,0.267,583703.4
1667725200000,0.2673,0.2689,0.267,0.2673,134139.5
1667728800000,0.2673,0.2695,0.2668,0.2691,425984.9
1667732400000,0.2691,0.2734,0.2666,0.2684,411402
1667736000000,0.2684,0.2687,0.2665,0.2667,170396.9
1667739600000,0.2668,0.2673,0.2664,0.2667,87907.5
1667743200000,0.2665,0.2692,0.2654,0.2686,282612.4
1667746800000,0.2688,0.271,0.2683,0.2687,296829.6
1667750400000,0.2686,0.2701,0.2632,0.2682,1022149.5
1667754000000,0.2682,0.2689,0.2667,0.2689,312668.7
1667757600000,0.2688,0.2694,0.2665,0.2681,157274.8
1667761200000,0.2682,0.2688,0.2646,0.2655,399723.4
1667764800000,0.2656,0.2661,0.2638,0.2656,279850.4
1667768400000,0.2656,0.2658,0.2627,0.2631,185358.4
1667772000000,0.2626,0.2639,0.2591,0.2598,642324.1
1667775600000,0.2597,0.26,0.2494,0.2502,1110034.4
1667779200000,0.2501,0.2564,0.2501,0.2548,784150.9
1667782800000,0.2547,0.2575,0.2531,0.2565,336662.7
1667786400000,0.2564,0.2585,0.2562,0.2575,184441.4
1667790000000,0.2574,0.2579,0.2563,0.2568,100096.6
1667793600000,0.2566,0.2569,0.2554,0.2567,108746.5
1667797200000,0.2566,0.2593,0.2564,0.2576,247268.5
1667800800000,0.2575,0.2578,0.2556,0.2562,269658.1
1667804400000,0.2562,0.2562,0.2463,0.2463,685265.3
1667808000000,0.2464,0.2526,0.246,0.2518,667549.7
1667811600000,0.2518,0.2535,0.2518,0.252,125791.5
1667815200000,0.252,0.2554,0.2519,0.2531,213886.2
1667818800000,0.2534,0.2547,0.253,0.2536,190537.6
1667822400000,0.2535,0.2549,0.2518,0.2541,225259.8
1667826000000,0.2541,0.2547,0.251,0.2512,220824.6
1667829600000,0.2513,0.2526,0.2488,0.2496,376103.8
1667833200000,0.2498,0.2545,0.2498,0.2543,306578.9
1667836800000,0.2543,0.2558,0.2513,0.2516,567936.4
1667840400000,0.2517,0.2536,0.2517,0.2533,146065.8
1667844000000,0.2534,0.2544,0.2529,0.2533,128277.4
1667847600000,0.2534,0.2571,0.2534,0.2565,228295.3
1667851200000,0.2567,0.2571,0.2552,0.256,157967.5
1667854800000,0.256,0.256,0.2518,0.253,288610.6
1667858400000,0.2529,0.2529,0.2469,0.2506,451055.4
1667862000000,0.2506,0.2527,0.2503,0.2515,199966.8
1667865600000,0.2517,0.255,0.2509,0.2513,417529.5
1667869200000,0.251,0.2551,0.2507,0.2538,413398.2
1667872800000,0.254,0.2552,0.2455,0.2458,501253
1667876400000,0.2457,0.248,0.2397,0.2407,2008477.7
1667880000000,0.2404,0.2423,0.2285,0.2324,2608823.7
1667883600000,0.2324,0.2339,0.225,0.229,1420669.1
1667887200000,0.2289,0.2343,0.227,0.2335,778277.7
1667890800000,0.2334,0.2354,0.2319,0.2336,505198.3
1667894400000,0.2335,0.2341,0.2319,0.2324,367554.1
1667898000000,0.2323,0.2358,0.232,0.2339,570896.4
1667901600000,0.2339,0.2345,0.2311,0.2317,556586.8
1667905200000,0.2315,0.2331,0.2291,0.2305,586987
1667908800000,0.2304,0.2337,0.2301,0.2329,813837.8
1667912400000,0.233,0.2336,0.2292,0.2293,321542.2
1667916000000,0.2291,0.2312,0.2251,0.2296,594303.7
1667919600000,0.2296,0.2318,0.2266,0.2316,400693.4
1667923200000,0.2315,0.2484,0.2314,0.2409,2436845.3
1667926800000,0.2411,0.2426,0.2278,0.2281,1304828.2
1667930400000,0.2281,0.23,0.2116,0.2155,3359559.9
1667934000000,0.2154,0.217,0.1825,0.203,5687601.1
1667937600000,0.2029,0.2055,0.198,0.2018,1256731.2
1667941200000,0.2018,0.2052,0.2005,0.2044,818387.9
1667944800000,0.2044,0.2044,0.2,0.2012,501272.6
1667948400000,0.2012,0.2087,0.2001,0.2058,726366
1667952000000,0.2056,0.2082,0.201,0.201,985656.8
1667955600000,0.2013,0.2051,0.2,0.2004,1379813.4
1667959200000,0.2005,0.2037,0.1944,0.1945,1533158.8
1667962800000,0.1945,0.1993,0.1926,0.1984,1093442.7
1667966400000,0.1985,0.1992,0.1951,0.1969,1077428.7
1667970000000,0.197,0.2005,0.1923,0.1962,1335664.6
1667973600000,0.1964,0.1999,0.1954,0.1961,1012105.3
1667977200000,0.1961,0.1989,0.1942,0.1945,1079858
1667980800000,0.1946,0.1948,0.1864,0.1899,1547737.7
1667984400000,0.1899,0.1915,0.1805,0.1832,2259278.6
1667988000000,0.1833,0.1848,0.1766,0.1816,2485327.1
1667991600000,0.1817,0.188,0.1814,0.1878,879277.4
1667995200000,0.1878,0.1903,0.1845,0.1871,998366.1
1667998800000,0.1872,0.1881,0.1829,0.1845,906989.4
1668002400000,0.1845,0.188,0.1802,0.1854,807297.1
1668006000000,0.1856,0.1945,0.1804,0.1835,5990326.7
1668009600000,0.1835,0.1864,0.1789,0.1825,1346552.6
1668013200000,0.1827,0.1849,0.1794,0.18,801221.5
1668016800000,0.1799,0.1799,0.1706,0.1747,889109.1
1668020400000,0.1747,0.1808,0.1747,0.177,818970.7
1668024000000,0.1769,0.1808,0.1712,0.1742,987762.7
1668027600000,0.1741,0.1741,0.1562,0.1585,2385196.1
1668031200000,0.1589,0.1624,0.1571,0.1605,814581.4
1668034800000,0.1603,0.1629,0.1568,0.1618,1026675.9
1668038400000,0.1619,0.1693,0.1589,0.1691,1905135.5
1668042000000,0.1691,0.1717,0.1637,0.1656,1430691.2
1668045600000,0.1656,0.1681,0.164,0.1679,857649.1
1668049200000,0.1679,0.1763,0.1678,0.1726,1900834.9
1668052800000,0.1728,0.1768,0.1715,0.1767,1367256.9
1668056400000,0.1768,0.181,0.1756,0.1806,1583199.7
1668060000000,0.1803,0.1816,0.1765,0.1787,1687417.6
1668063600000,0.1787,0.1821,0.1772,0.1799,1535106.2
1668067200000,0.1799,0.1802,0.1729,0.1784,1719131.7
1668070800000,0.1784,0.1794,0.1741,0.1742,1569368.7
1668074400000,0.1741,0.1759,0.1705,0.1717,1329474.4
1668078000000,0.1718,0.1753,0.1708,0.1737,1259959.8
1668081600000,0.1735,0.1794,0.173,0.176,1749845.7
1668085200000,0.1758,0.1893,0.1744,0.1878,3732395.7
1668088800000,0.1878,0.1903,0.185,0.1903,1432685
1668092400000,0.1902,0.1933,0.1884,0.1905,1714964.4
1668096000000,0.1905,0.193,0.1892,0.1894,908538.2
1668099600000,0.1893,0.1893,0.1816,0.1835,966043.5
1668103200000,0.1835,0.1861,0.1826,0.1847,757862.3
1668106800000,0.1847,0.1866,0.1835,0.1866,559215
1668110400000,0.1864,0.1901,0.1844,0.1889,684808.4
1668114000000,0.1888,0.1901,0.187,0.1885,597186.5
1668117600000,0.1883,0.1897,0.1869,0.1885,286395.6
1668121200000,0.1885,0.1902,0.1857,0.1881,549145.7
1668124800000,0.1879,0.1883,0.1836,0.1878,638734.5
1668128400000,0.1879,0.1902,0.1811,0.182,724038.3
1668132000000,0.1821,0.1829,0.1786,0.1805,541317.9
1668135600000,0.1804,0.1804,0.1761,0.1786,737869.9
1668139200000,0.1785,0.1797,0.1772,0.1782,488012.3
1668142800000,0.1782,0.182,0.1779,0.1813,467417.2
1668146400000,0.1814,0.1824,0.1798,0.1811,414426.8
1668150000000,0.181,0.1842,0.1798,0.1832,562204.7
1668153600000,0.1831,0.1855,0.1818,0.1843,731562.4
1668157200000,0.1843,0.1857,0.1828,0.1853,498553.3
1668160800000,0.1852,0.1859,0.1832,0.1845,415785.5
1668164400000,0.1846,0.1864,0.1837,0.1847,340209.1
1668168000000,0.1846,0.1861,0.1833,0.1859,485365.9
1668171600000,0.186,0.1878,0.1843,0.1847,804384.8
1668175200000,0.1845,0.1845,0.1691,0.1761,5299520.1
1668178800000,0.1761,0.1786,0.1737,0.1767,1209448.4
1668182400000,0.1767,0.1771,0.1723,0.1757,1017001.5
1668186000000,0.1758,0.1783,0.1747,0.1777,502037.9
1668189600000,0.1776,0.1788,0.1759,0.1762,392375.8
1668193200000,0.1761,0.1774,0.175,0.1769,386738.3
1668196800000,0.1769,0.177,0.1737,0.1747,403907.2
1668200400000,0.1747,0.1771,0.1741,0.1762,469121.8
1668204000000,0.1763,0.1791,0.1763,0.1786,150527.4
1668207600000,0.1785,0.1832,0.177,0.1811,5869623.9
1668211200000,0.181,0.1814,0.1784,0.179,489405.4
1668214800000,0.1791,0.1796,0.1776,0.179,140280.4
1668218400000,0.179,0.1801,0.1785,0.179,168894.3
1668222000000,0.179,0.1794,0.1764,0.1772,506885.1
1668225600000,0.1773,0.1775,0.1696,0.1699,997578.8
1668229200000,0.17,0.17,0.1664,0.1674,917043.3
1668232800000,0.1673,0.1729,0.1672,0.1716,857369
1668236400000,0.1715,0.1757,0.1714,0.1727,1249873.1
1668240000000,0.1726,0.1736,0.1709,0.1722,394804.7
1668243600000,0.1721,0.1734,0.1712,0.173,344883.7
1668247200000,0.173,0.1759,0.1724,0.1731,600740.5
1668250800000,0.1733,0.1738,0.1724,0.1734,361313
1668254400000,0.1735,0.175,0.173,0.1745,354984.9
1668258000000,0.1746,0.1746,0.1716,0.1735,489256.8
1668261600000,0.1736,0.1749,0.1702,0.1736,752459.4
1668265200000,0.1737,0.1747,0.1734,0.1741,208922.9
1668268800000,0.1739,0.1747,0.1726,0.1741,322793.4
1668272400000,0.1742,0.1742,0.1729,0.1736,245498.3
1668276000000,0.1735,0.1737,0.1726,0.1733,154231.9
1668279600000,0.1734,0.1736,0.1728,0.1733,117365.5
1668283200000,0.1732,0.1732,0.1715,0.1718,217032.5
1668286800000,0.1718,0.1725,0.1711,0.1721,156527.7
1668290400000,0.172,0.1729,0.1719,0.1726,46539
1668294000000,0.1727,0.1728,0.1692,0.1713,594585.7
1668297600000,0.1712,0.1733,0.1703,0.1728,333771.9
1668301200000,0.1729,0.1739,0.1728,0.1736,204252.7
1668304800000,0.1736,0.1755,0.1736,0.1755,500362.1
1668308400000,0.1754,0.1795,0.1748,0.179,971062.9
1668312000000,0.1787,0.1815,0.1775,0.1786,1878560.6
1668315600000,0.1787,0.1807,0.177,0.1796,723963.8
1668319200000,0.1796,0.19,0.1781,0.1817,7913637
1668322800000,0.1816,0.1907,0.1796,0.1901,6562434.5
1668326400000,0.19,0.1924,0.1821,0.1838,4788436
1668330000000,0.1839,0.1878,0.1796,0.1813,4103082.5
1668333600000,0.1813,0.1842,0.1805,0.183,1599705.1
1668337200000,0.1832,0.1873,0.183,0.1841,1581988.6
1668340800000,0.1841,0.1854,0.1807,0.182,1417517.8
1668344400000,0.1821,0.1871,0.1813,0.184,3130081.4
1668348000000,0.1841,0.1887,0.1824,0.1833,2185589.8
1668351600000,0.1834,0.1889,0.1829,0.1856,2099808.7
1668355200000,0.1857,0.2015,0.1853,0.1922,10916252.4
1668358800000,0.1921,0.2029,0.187,0.1898,7512604.6
1668362400000,0.19,0.19,0.1826,0.1851,3070143.9
1668366000000,0.1851,0.1866,0.1836,0.1846,1330935.4
1668369600000,0.1846,0.1846,0.1762,0.1773,2867980.7
1668373200000,0.1773,0.1789,0.174,0.1748,1846838.9
1668376800000,0.1749,0.1768,0.1743,0.175,789611.4
1668380400000,0.175,0.18,0.1704,0.1714,8628734.5
1668384000000,0.1715,0.1731,0.1603,0.1642,3821369.4
1668387600000,0.164,0.1653,0.1597,0.1611,2148018.6
1668391200000,0.1611,0.1615,0.1573,0.161,1031295.4
1668394800000,0.161,0.1619,0.1598,0.1608,1032291
1668398400000,0.1608,0.161,0.1574,0.1592,1704049.2
1668402000000,0.1593,0.1602,0.1569,0.1585,794092.3
1668405600000,0.1583,0.167,0.1577,0.1668,2565873.8
1668409200000,0.167,0.1698,0.1632,0.1694,1866192.6
1668412800000,0.1694,0.1722,0.1687,0.1704,1420261.4
1668416400000,0.1704,0.1753,0.1688,0.1728,1796909.7
1668420000000,0.1727,0.1742,0.171,0.1733,823033.4
1668423600000,0.1733,0.1778,0.1727,0.174,1509984.9
1668427200000,0.174,0.177,0.1718,0.1768,825773.1
1668430800000,0.1766,0.1796,0.1698,0.1734,2163065.2
1668434400000,0.1734,0.176,0.1709,0.1739,1498988.2
1668438000000,0.1739,0.1803,0.1735,0.1791,2944371.2
1668441600000,0.1793,0.1844,0.1754,0.1797,2565895.5
1668445200000,0.1798,0.1819,0.1792,0.1808,669006.1
1668448800000,0.1807,0.1833,0.1803,0.1813,532822.6
1668452400000,0.1813,0.1824,0.1785,0.18,795786.1
1668456000000,0.1799,0.1825,0.1789,0.1796,948251.5
1668459600000,0.1797,0.1809,0.1792,0.1803,271654.4
1668463200000,0.1802,0.1807,0.179,0.1798,272461.1
1668466800000,0.1799,0.1832,0.1799,0.1808,720944.2
1668470400000,0.1809,0.1813,0.1767,0.1775,894529
1668474000000,0.1775,0.1916,0.1771,0.184,2173590.1
1668477600000,0.184,0.1882,0.1828,0.1859,917274.3
1668481200000,0.186,0.1884,0.1856,0.1866,737822.7
1668484800000,0.1867,0.2,0.1863,0.1918,2952510.1
1668488400000,0.1917,0.1946,0.1879,0.1882,1643931.6
1668492000000,0.1882,0.1909,0.1866,0.1878,935850.6
1668495600000,0.1877,0.1889,0.1859,0.1876,661360.8
1668499200000,0.1874,0.1889,0.1864,0.1874,347867.3
1668502800000,0.1873,0.1875,0.1827,0.1847,1015452.1
1668506400000,0.1847,0.1856,0.1819,0.185,838681
1668510000000,0.1849,0.1859,0.1823,0.1824,527478.8
1668513600000,0.1825,0.1853,0.1818,0.1843,611093.2
1668517200000,0.1841,0.1866,0.1834,0.1859,613978
1668520800000,0.1859,0.1862,0.1831,0.1844,507591.4
1668524400000,0.1846,0.192,0.1833,0.1874,1642701.7
1668528000000,0.1875,0.1888,0.1863,0.1874,645948.8
1668531600000,0.1874,0.1875,0.1853,0.1861,352277.8
1668535200000,0.1862,0.1863,0.1803,0.1814,663302.2
1668538800000,0.1814,0.1837,0.1804,0.1828,451198.4
1668542400000,0.1829,0.1833,0.1819,0.1824,189281.2
1668546000000,0.1822,0.1829,0.1817,0.1827,160150
1668549600000,0.1826,0.183,0.1818,0.1825,153301.1
1668553200000,0.1824,0.1838,0.1818,0.1835,301185.1
1668556800000,0.1834,0.1847,0.1819,0.1831,376203.2
1668560400000,0.1833,0.1866,0.1833,0.1866,309765
1668564000000,0.1866,0.1875,0.1851,0.1857,300167.6
1668567600000,0.1856,0.1865,0.1854,0.1862,249038.5
1668571200000,0.1862,0.1863,0.1846,0.1853,261225.7
1668574800000,0.1854,0.1858,0.1847,0.1855,184942.1
1668578400000,0.1854,0.189,0.1833,0.1864,634391.9
1668582000000,0.1864,0.1874,0.1851,0.1854,246832.1
1668585600000,0.1853,0.1853,0.1804,0.1824,670789.3
1668589200000,0.1823,0.183,0.1813,0.1828,346797.1
1668592800000,0.1827,0.1834,0.1813,0.183,356607.2
1668596400000,0.1829,0.1847,0.1821,0.1821,427511.2
1668600000000,0.1821,0.1827,0.1806,0.1821,307592
1668603600000,0.182,0.182,0.1796,0.1808,648524.4
1668607200000,0.1807,0.1809,0.1772,0.1801,623833.4
1668610800000,0.1801,0.1808,0.1775,0.1784,474740.4
1668614400000,0.1784,0.1799,0.1764,0.1794,469270.5
1668618000000,0.1794,0.1809,0.1794,0.1804,215140.4
1668621600000,0.1804,0.1804,0.1789,0.1793,287620.1
1668625200000,0.1793,0.1798,0.1783,0.1798,154893.5
1668628800000,0.1798,0.1798,0.1783,0.1793,162298.7
1668632400000,0.1793,0.1796,0.1785,0.1785,96436.7
1668636000000,0.1786,0.1798,0.1778,0.1798,99340.7
1668639600000,0.1798,0.1805,0.1788,0.1796,160619
1668643200000,0.1797,0.1816,0.1794,0.1807,271104.9
1668646800000,0.1809,0.1814,0.1806,0.1809,137775
1668650400000,0.181,0.181,0.1794,0.1795,111513.8
1668654000000,0.1795,0.1805,0.1778,0.1784,297996.1
1668657600000,0.1785,0.1787,0.1757,0.178,367220.4
1668661200000,0.1781,0.1797,0.1781,0.1796,130719.5
1668664800000,0.1794,0.1804,0.1791,0.1793,177503.7
1668668400000,0.1792,0.1803,0.1784,0.1803,182583.2
1668672000000,0.1804,0.181,0.1799,0.1799,94469.5
1668675600000,0.1799,0.1801,0.1772,0.178,347760.9
1668679200000,0.178,0.1787,0.1777,0.178,127378.4
1668682800000,0.178,0.1797,0.178,0.1795,169247.3
1668686400000,0.1795,0.1803,0.1788,0.1797,231997.7
1668690000000,0.1795,0.1797,0.1767,0.1774,670216.5
1668693600000,0.1774,0.1779,0.1751,0.1771,625104.4
1668697200000,0.177,0.1805,0.1767,0.1777,462244.3
1668700800000,0.1777,0.1797,0.1776,0.1793,472184.5
1668704400000,0.1793,0.1805,0.1789,0.1803,300961.9
1668708000000,0.1803,0.1804,0.1796,0.18,166107.6
1668711600000,0.1802,0.1802,0.1784,0.1786,246364.4
1668715200000,0.1786,0.1792,0.1785,0.1788,76800.7
1668718800000,0.1788,0.1796,0.1787,0.179,126763.3
1668722400000,0.179,0.1792,0.1785,0.1791,105925.3
1668726000000,0.1791,0.1791,0.177,0.1779,174000.5
1668729600000,0.1778,0.1809,0.1777,0.1809,389152.1
1668733200000,0.1807,0.1817,0.1803,0.1815,143831.8
1668736800000,0.1816,0.1854,0.1812,0.1838,466666.6
1668740400000,0.1839,0.1839,0.1823,0.1823,196411.2
1668744000000,0.1823,0.1823,0.181,0.1814,218302
1668747600000,0.1815,0.1819,0.1807,0.1813,230288.3
1668751200000,0.1814,0.1818,0.1804,0.1814,194716.6
1668754800000,0.1816,0.1816,0.1801,0.1805,214787.9
1668758400000,0.1805,0.1805,0.1781,0.1794,382182.1
1668762000000,0.1792,0.1796,0.1788,0.179,281667
1668765600000,0.179,0.1799,0.1785,0.1793,288406.2
1668769200000,0.1792,0.1799,0.1788,0.1795,157327
1668772800000,0.1795,0.18,0.1792,0.1794,168037.3
1668776400000,0.1795,0.1801,0.1788,0.1789,116339.8
1668780000000,0.1788,0.1794,0.1771,0.178,377376.1
1668783600000,0.1777,0.1784,0.1766,0.1771,290471.6
1668787200000,0.1772,0.1779,0.1761,0.1764,356956.8
1668790800000,0.1765,0.1766,0.1752,0.1764,341019.7
1668794400000,0.1763,0.1764,0.1752,0.1758,161886.1
1668798000000,0.1758,0.1763,0.1752,0.176,210132
1668801600000,0.1759,0.1768,0.1757,0.1766,119141.8
1668805200000,0.1765,0.1769,0.1762,0.1764,104611.2
1668808800000,0.1765,0.1768,0.1764,0.1767,28114.4
1668812400000,0.1767,0.178,0.1765,0.1774,103304.5
1668816000000,0.1773,0.1778,0.1763,0.1763,82778.1
1668819600000,0.1765,0.1775,0.1764,0.1774,108702.1
1668823200000,0.1773,0.1776,0.1753,0.1768,254131.8
1668826800000,0.1769,0.1776,0.1769,0.1774,92042.9
1668830400000,0.1774,0.1776,0.1766,0.1767,62738.9
1668834000000,0.1766,0.1768,0.1718,0.1741,696774.7
1668837600000,0.1739,0.1749,0.1733,0.1744,201315.5
1668841200000,0.1744,0.1752,0.1741,0.1749,138056.8
1668844800000,0.1747,0.1761,0.1744,0.1752,194848.5
1668848400000,0.1752,0.1756,0.1749,0.1753,64941
1668852000000,0.1752,0.1756,0.175,0.1756,53112.4
1668855600000,0.1756,0.1758,0.1752,0.1758,64544.9
1668859200000,0.1758,0.177,0.1758,0.1763,186847.9
1668862800000,0.1762,0.1774,0.176,0.1771,93785
1668866400000,0.1772,0.1775,0.1762,0.1766,174963.5
1668870000000,0.1767,0.1804,0.1767,0.1794,941867.4
1668873600000,0.1796,0.1802,0.1789,0.1795,168451.7
1668877200000,0.1795,0.1796,0.1785,0.1786,122990.4
1668880800000,0.1786,0.1794,0.1784,0.1791,73799.6
1668884400000,0.1791,0.1798,0.1789,0.179,71932.2
1668888000000,0.1791,0.1799,0.1787,0.1793,93972
1668891600000,0.1796,0.1797,0.179,0.1794,72003.4
1668895200000,0.1795,0.1809,0.1794,0.1797,293788.9
1668898800000,0.1799,0.1807,0.1788,0.1798,177033.2
1668902400000,0.1799,0.1821,0.1797,0.1819,482575.3
1668906000000,0.1819,0.1836,0.1807,0.1815,459833.2
1668909600000,0.1816,0.1827,0.1812,0.1827,135158.7
1668913200000,0.1826,0.1841,0.1821,0.1841,318556.1
1668916800000,0.1841,0.1842,0.1824,0.1827,125849.4
1668920400000,0.1829,0.1831,0.182,0.1821,94981.2
1668924000000,0.1822,0.1859,0.182,0.1846,359278.4
1668927600000,0.1844,0.1846,0.183,0.1831,223789.5
1668931200000,0.1831,0.1836,0.1786,0.1793,845014.4
1668934800000,0.1793,0.1807,0.1791,0.1804,325344.5
1668938400000,0.1803,0.1829,0.1803,0.1818,710930
1668942000000,0.1819,0.1831,0.1775,0.1785,770802.6
1668945600000,0.1785,0.1801,0.1773,0.179,569927.8
1668949200000,0.1789,0.1834,0.1789,0.1824,420286.1
1668952800000,0.1823,0.1829,0.1813,0.1814,234846.8
1668956400000,0.1814,0.1848,0.1813,0.1836,530560.2
1668960000000,0.1835,0.1846,0.1818,0.1835,487995.3
1668963600000,0.1836,0.1837,0.1793,0.1794,516487.8
1668967200000,0.1795,0.1818,0.1789,0.1816,277678.2
1668970800000,0.1816,0.1816,0.1801,0.1809,294951.9
1668974400000,0.1811,0.1813,0.1784,0.1795,570691.5
1668978000000,0.1795,0.1797,0.1738,0.174,739578.8
1668981600000,0.1743,0.1751,0.1726,0.1742,339886
1668985200000,0.1743,0.1749,0.1727,0.1739,369463.5
1668988800000,0.1737,0.1749,0.1705,0.1743,673372.7
1668992400000,0.1742,0.1746,0.1718,0.1722,282297.2
1668996000000,0.172,0.173,0.1674,0.1698,602022.9
1668999600000,0.1696,0.1721,0.1688,0.1719,254665.8
1669003200000,0.172,0.1735,0.1719,0.1724,261630.4
1669006800000,0.1724,0.1752,0.1721,0.1752,398166.9
1669010400000,0.175,0.1754,0.1733,0.1736,380148.8
1669014000000,0.1736,0.1749,0.1727,0.1738,252413.5
1669017600000,0.1736,0.1772,0.1735,0.1763,689104.8
1669021200000,0.1761,0.177,0.1718,0.1744,676400.6
1669024800000,0.1745,0.1756,0.173,0.1754,382712.3
1669028400000,0.1755,0.1757,0.1745,0.1753,141279.8
1669032000000,0.1751,0.1762,0.1739,0.176,379323.2
1669035600000,0.1762,0.1774,0.1752,0.1758,464005.2
1669039200000,0.1759,0.1769,0.1756,0.1761,157592.1
1669042800000,0.1761,0.1763,0.1752,0.1761,159368.5
1669046400000,0.1761,0.1766,0.1724,0.1761,527198.5
1669050000000,0.1761,0.1765,0.174,0.1741,591690.6
1669053600000,0.174,0.1744,0.1716,0.1733,421121.8
1669057200000,0.1733,0.1737,0.1685,0.1709,888442.1
1669060800000,0.1709,0.1748,0.1709,0.1735,435624.1
1669064400000,0.1736,0.1743,0.1719,0.1731,513076.5
1669068000000,0.173,0.1751,0.1725,0.174,412621.8
1669071600000,0.1741,0.1757,0.1741,0.1749,161802.9
1669075200000,0.175,0.1772,0.1744,0.1762,267441.8
1669078800000,0.176,0.1763,0.1754,0.1756,47556.2
1669082400000,0.1756,0.1769,0.1754,0.1768,120875.2
1669086000000,0.1769,0.1773,0.1765,0.1766,49750.5
1669089600000,0.1767,0.1767,0.1751,0.1753,173408.2
1669093200000,0.1751,0.1751,0.1732,0.1735,298619.3
1669096800000,0.1735,0.1739,0.171,0.171,248431.7
1669100400000,0.1709,0.1724,0.17,0.1718,256705.8
1669104000000,0.1719,0.1721,0.1703,0.1717,382655.3
1669107600000,0.1716,0.172,0.1701,0.1701,141810
1669111200000,0.1701,0.1722,0.169,0.1718,295356.3
1669114800000,0.1719,0.1719,0.1706,0.1706,200387.1
1669118400000,0.1708,0.1731,0.1698,0.1729,230075.3
1669122000000,0.173,0.1769,0.173,0.1769,492023.9
1669125600000,0.1769,0.1811,0.1761,0.1793,1103385.6
1669129200000,0.1793,0.1803,0.1784,0.1799,486556
1669132800000,0.18,0.1805,0.1783,0.1783,272422.1
1669136400000,0.1783,0.1791,0.177,0.1771,234121.1
1669140000000,0.1771,0.1792,0.1771,0.1791,220544.5
1669143600000,0.1792,0.181,0.1785,0.1806,240921.8
1669147200000,0.1807,0.1838,0.1803,0.1824,684065.1
1669150800000,0.1825,0.1828,0.1814,0.1826,314254
1669154400000,0.1826,0.1844,0.1823,0.1842,248766.4
1669158000000,0.1843,0.185,0.1831,0.184,258962.7
1669161600000,0.184,0.1856,0.1834,0.1853,462485.3
1669165200000,0.1854,0.1865,0.1844,0.1849,192305.1
1669168800000,0.1848,0.1891,0.1848,0.1881,545368.4
1669172400000,0.188,0.1882,0.1869,0.1882,190628.6
1669176000000,0.1883,0.1885,0.1868,0.1871,150721.8
1669179600000,0.1872,0.1886,0.1859,0.1864,353334.4
1669183200000,0.1864,0.193,0.1864,0.1905,1023749.9
1669186800000,0.1907,0.1908,0.1894,0.1903,200331.3
1669190400000,0.1903,0.1919,0.1901,0.1918,578537
1669194000000,0.1917,0.1922,0.1899,0.1901,311371
1669197600000,0.1902,0.1906,0.1884,0.1899,285593.4
1669201200000,0.1899,0.1901,0.1886,0.1888,362683.5
1669204800000,0.1888,0.1889,0.1861,0.1863,212999.2
1669208400000,0.1863,0.188,0.1849,0.185,471902
1669212000000,0.1849,0.1874,0.1849,0.187,397814.6
1669215600000,0.187,0.1875,0.1858,0.186,176698.6
1669219200000,0.1861,0.1863,0.1838,0.184,212364.4
1669222800000,0.1841,0.1856,0.184,0.1848,153003.5
1669226400000,0.1848,0.186,0.1848,0.1857,198055.1
1669230000000,0.1857,0.1884,0.1852,0.1866,375573.7
1669233600000,0.1866,0.1878,0.186,0.1878,129406
1669237200000,0.1877,0.1877,0.1859,0.1862,160343.3
1669240800000,0.1864,0.1872,0.1861,0.1872,104322.1
1669244400000,0.1871,0.1888,0.187,0.1888,198151.2
1669248000000,0.1888,0.1896,0.1871,0.1874,225431.6
1669251600000,0.1875,0.1898,0.1871,0.1894,120492.1
1669255200000,0.1894,0.1898,0.1883,0.1888,194728.1
1669258800000,0.1887,0.19,0.1886,0.1899,152255.3
1669262400000,0.19,0.191,0.1892,0.1893,115364.5
1669266000000,0.1893,0.1895,0.1885,0.1888,70974
1669269600000,0.189,0.1891,0.1883,0.1891,90017.4
1669273200000,0.1889,0.189,0.1867,0.1873,567547.9
1669276800000,0.1873,0.1875,0.1857,0.1873,262209
1669280400000,0.1874,0.1875,0.1867,0.1867,160186
1669284000000,0.1867,0.187,0.1816,0.1838,552060.2
1669287600000,0.1839,0.1843,0.1832,0.1843,169193.2
1669291200000,0.1844,0.1848,0.1835,0.184,109637.2
1669294800000,0.184,0.1858,0.184,0.1853,144589
1669298400000,0.1854,0.1854,0.1839,0.185,105275.8
1669302000000,0.1849,0.1854,0.1844,0.1851,51725.7
1669305600000,0.1851,0.1866,0.1841,0.186,170627.9
1669309200000,0.1858,0.1865,0.1852,0.1857,269753.3
1669312800000,0.1856,0.1859,0.1852,0.1854,218669.2
1669316400000,0.1854,0.1857,0.1842,0.1845,173530.4
1669320000000,0.1846,0.1849,0.1841,0.1845,133834.1
1669323600000,0.1845,0.1848,0.1842,0.1845,61709.7
1669327200000,0.1844,0.1852,0.1844,0.1852,37811.1
1669330800000,0.1852,0.1857,0.1847,0.1856,140084.3
1669334400000,0.1854,0.1857,0.182,0.1831,343725.9
1669338000000,0.1831,0.1836,0.1825,0.1827,148205.4
1669341600000,0.1828,0.1829,0.1806,0.1814,218226.6
1669345200000,0.1814,0.1814,0.1808,0.1814,55005.4
1669348800000,0.1814,0.1816,0.1795,0.1808,305364
1669352400000,0.1808,0.1812,0.1802,0.1802,101860
1669356000000,0.1801,0.1823,0.1798,0.1819,235334.4
1669359600000,0.1819,0.1825,0.1814,0.1824,87520.7
1669363200000,0.1824,0.1826,0.1813,0.1816,75926.9
1669366800000,0.1817,0.182,0.1811,0.1814,68105.9
1669370400000,0.1814,0.1829,0.1812,0.1824,104669.2
1669374000000,0.1826,0.1849,0.1826,0.1836,213898.7
1669377600000,0.1836,0.1852,0.1834,0.1836,198984.7
1669381200000,0.1835,0.1841,0.1827,0.1841,112770
1669384800000,0.184,0.1855,0.1833,0.1854,194981.3
1669388400000,0.1855,0.1855,0.1836,0.1841,300194.7
1669392000000,0.184,0.1844,0.1829,0.1842,177178.9
1669395600000,0.1841,0.1856,0.1841,0.1851,87170.6
1669399200000,0.185,0.1851,0.1835,0.1838,319023.1
1669402800000,0.1839,0.1846,0.1839,0.184,61947.5
1669406400000,0.1841,0.1853,0.184,0.1842,166266.1
1669410000000,0.1841,0.1842,0.1837,0.184,53638.5
1669413600000,0.184,0.184,0.1833,0.1835,40900.4
1669417200000,0.1835,0.1841,0.1832,0.1841,35556.5
1669420800000,0.1841,0.1875,0.184,0.1869,263867.7
1669424400000,0.1869,0.1884,0.1868,0.1873,268224.2
1669428000000,0.1873,0.1887,0.1873,0.1874,156853.5
1669431600000,0.1875,0.188,0.1875,0.1877,57415.3
1669435200000,0.1877,0.1892,0.1874,0.189,160123.6
1669438800000,0.1888,0.1893,0.1885,0.1889,98007.3
1669442400000,0.1888,0.1888,0.1872,0.1878,77056.4
1669446000000,0.1877,0.1877,0.1868,0.1875,102576
1669449600000,0.1875,0.1888,0.1872,0.1887,163465.7
1669453200000,0.1887,0.1894,0.1883,0.1886,224810.3
1669456800000,0.1886,0.1903,0.1885,0.1897,371876.5
1669460400000,0.1897,0.1898,0.1892,0.1895,56560.4
1669464000000,0.1895,0.1912,0.1893,0.1899,288875.4
1669467600000,0.19,0.1918,0.1896,0.1902,548203.8
1669471200000,0.1902,0.191,0.1859,0.1869,717442.2
1669474800000,0.187,0.1885,0.1864,0.1876,384226.4
1669478400000,0.1877,0.1881,0.1866,0.1868,129139.4
1669482000000,0.1866,0.1868,0.1861,0.1866,106868.4
1669485600000,0.1866,0.1866,0.1859,0.1859,128176.7
1669489200000,0.1859,0.1859,0.1847,0.1852,123992.1
1669492800000,0.1852,0.1861,0.1852,0.1859,129328.8
1669496400000,0.1859,0.1865,0.1858,0.1864,188074.2
1669500000000,0.1864,0.1866,0.1846,0.1856,305134.2
1669503600000,0.1855,0.1869,0.1854,0.1866,87510.8
1669507200000,0.1865,0.1866,0.1856,0.186,174792.2
1669510800000,0.186,0.1877,0.1859,0.1875,121189.9
1669514400000,0.1877,0.1896,0.1877,0.1896,145424
1669518000000,0.1897,0.19,0.1892,0.1893,113782.4
1669521600000,0.1893,0.1908,0.1889,0.1892,301897.3
1669525200000,0.1893,0.1894,0.1886,0.1886,77709.8
1669528800000,0.1888,0.1893,0.1883,0.1886,143103.2
1669532400000,0.1887,0.1904,0.1885,0.1895,363758.9
1669536000000,0.1895,0.1908,0.189,0.1893,295098.2
1669539600000,0.1894,0.1894,0.1878,0.1883,331363.6
1669543200000,0.1883,0.1893,0.1878,0.1883,182854.6
1669546800000,0.1882,0.1888,0.1874,0.1888,133334.7
1669550400000,0.1889,0.1896,0.1886,0.189,228889.3
1669554000000,0.189,0.1892,0.1886,0.1889,82196
1669557600000,0.1889,0.1897,0.1889,0.1895,155745.9
1669561200000,0.1895,0.1914,0.1891,0.191,327501.9
1669564800000,0.1911,0.1918,0.1907,0.1908,124196.6
1669568400000,0.1909,0.1909,0.1897,0.19,95409.1
1669572000000,0.19,0.1907,0.1899,0.1903,43695
1669575600000,0.1903,0.1904,0.1887,0.1894,174767.3
1669579200000,0.1894,0.1897,0.1892,0.1894,75634.4
1669582800000,0.1894,0.1901,0.1891,0.1895,144133.7
1669586400000,0.1895,0.1898,0.1894,0.1897,45556.2
1669590000000,0.1895,0.1895,0.1844,0.1854,440453.5
1669593600000,0.1853,0.1873,0.1852,0.1859,200266
1669597200000,0.186,0.1865,0.1777,0.1778,889339.9
1669600800000,0.1777,0.179,0.1765,0.1787,235401.2
1669604400000,0.1787,0.1806,0.1786,0.1806,91661.3
1669608000000,0.1805,0.1811,0.1802,0.181,137693.5
1669611600000,0.1809,0.181,0.1792,0.1792,62754.4
1669615200000,0.1793,0.1806,0.1792,0.1806,115566.6
1669618800000,0.1805,0.1811,0.1803,0.1809,52988.6
1669622400000,0.1811,0.1816,0.1807,0.1811,139002.2
1669626000000,0.1812,0.1817,0.1808,0.1808,163751.2
1669629600000,0.1808,0.181,0.18,0.1802,79120.4
1669633200000,0.18,0.181,0.18,0.1804,50666.5
1669636800000,0.1803,0.1816,0.1798,0.1802,127825.3
1669640400000,0.1802,0.1818,0.1802,0.1817,120145.4
1669644000000,0.1816,0.1833,0.1806,0.1818,214023.1
1669647600000,0.1818,0.1822,0.1777,0.1786,504426.3
1669651200000,0.1786,0.184,0.1782,0.1832,382432.7
1669654800000,0.1834,0.1834,0.1814,0.1819,227284.7
1669658400000,0.1819,0.1821,0.1812,0.1814,62540.7
1669662000000,0.1813,0.1821,0.1807,0.1817,67858.9
1669665600000,0.1817,0.1818,0.1814,0.1818,93297.2
1669669200000,0.1817,0.1824,0.1811,0.1822,147645.6
1669672800000,0.1822,0.1826,0.182,0.1821,32878.3
1669676400000,0.1823,0.1831,0.1816,0.1828,181593.1
1669680000000,0.1827,0.1827,0.1798,0.1821,493001.9
1669683600000,0.182,0.1842,0.1818,0.1836,231917.1
1669687200000,0.1835,0.1856,0.1835,0.1838,126684.9
1669690800000,0.1838,0.1845,0.1838,0.1843,29682.2
1669694400000,0.1843,0.1865,0.1842,0.1859,193615.2
1669698000000,0.1859,0.1872,0.1859,0.1861,130398.6
1669701600000,0.1862,0.1866,0.1855,0.1857,69072
1669705200000,0.1855,0.186,0.1848,0.1849,89585
1669708800000,0.185,0.1872,0.185,0.1872,222515.3
1669712400000,0.1873,0.1874,0.1864,0.1867,162715.1
1669716000000,0.1867,0.1867,0.1857,0.1858,80603.3
1669719600000,0.1857,0.1862,0.1851,0.1853,75647.5
1669723200000,0.1854,0.1858,0.185,0.1852,57886
1669726800000,0.1851,0.1854,0.1827,0.1836,302103.8
1669730400000,0.1837,0.1854,0.1829,0.1833,168255.7
1669734000000,0.1832,0.1843,0.1831,0.184,142017.3
1669737600000,0.1839,0.1839,0.1816,0.1832,236320.3
1669741200000,0.1832,0.1837,0.1817,0.1825,296695.1
1669744800000,0.1825,0.1832,0.1822,0.1829,92906.4
1669748400000,0.1828,0.1833,0.1825,0.1825,85601.1
1669752000000,0.1825,0.1831,0.1823,0.1831,188495.7
1669755600000,0.1831,0.1844,0.183,0.1836,225339.9
1669759200000,0.1837,0.1845,0.1835,0.1844,63239.7
1669762800000,0.1845,0.1847,0.1834,0.1835,154366.3
1669766400000,0.1836,0.1926,0.1836,0.1924,1513148.3
1669770000000,0.1924,0.194,0.1905,0.1922,471338.9
1669773600000,0.1921,0.1928,0.191,0.1915,442349.1
1669777200000,0.1915,0.1918,0.1877,0.1879,373662.1
1669780800000,0.1879,0.1893,0.1879,0.1887,99637.8
1669784400000,0.1887,0.1898,0.1881,0.1897,220693.2
1669788000000,0.1897,0.1906,0.1888,0.1894,218732.3
1669791600000,0.1893,0.1903,0.1892,0.1901,130019.6
1669795200000,0.1901,0.1914,0.1893,0.1898,222095.1
1669798800000,0.1898,0.19,0.1874,0.1893,283303.9
1669802400000,0.1891,0.1901,0.1888,0.189,180076.5
1669806000000,0.1891,0.1907,0.1891,0.1906,259224.2
1669809600000,0.1907,0.1949,0.1897,0.1921,1168636.2
1669813200000,0.1921,0.1927,0.1905,0.1908,588795.5
1669816800000,0.191,0.1994,0.1905,0.1972,1282172
1669820400000,0.1975,0.2168,0.1959,0.2036,9444022.2
1669824000000,0.2035,0.2035,0.1899,0.194,4295212.7
1669827600000,0.1939,0.1945,0.1892,0.1921,1234343.9
1669831200000,0.1923,0.1941,0.1906,0.1926,606665
1669834800000,0.1925,0.1939,0.1913,0.1928,1016759.5
1669838400000,0.1928,0.196,0.1927,0.196,345137.7
1669842000000,0.196,0.1969,0.1948,0.1961,421486.1
1669845600000,0.1961,0.1976,0.1953,0.1974,322439.1
1669849200000,0.1975,0.1977,0.1951,0.1964,441185.7
1669852800000,0.1964,0.1969,0.1944,0.1956,386903.4
1669856400000,0.1956,0.1963,0.1946,0.1959,318840.1
1669860000000,0.196,0.1962,0.1941,0.195,307669.8
1669863600000,0.195,0.196,0.1934,0.1937,389002.7
1669867200000,0.1937,0.1948,0.193,0.1933,252537.9
1669870800000,0.1933,0.1937,0.1903,0.1918,576003.5
1669874400000,0.1918,0.1947,0.1918,0.1931,518752.8
1669878000000,0.1932,0.1932,0.192,0.1921,212365.1
1669881600000,0.1921,0.1929,0.192,0.192,222563
1669885200000,0.1922,0.1926,0.1916,0.1924,212696.4
1669888800000,0.1923,0.1949,0.1921,0.1925,241699.8
1669892400000,0.1925,0.195,0.1921,0.195,484895.8
1669896000000,0.195,0.1955,0.1937,0.195,499330.5
1669899600000,0.195,0.1959,0.1895,0.1915,1031891.1
1669903200000,0.1912,0.1928,0.1901,0.1923,533479.6
1669906800000,0.1924,0.1927,0.1891,0.1917,917603.8
1669910400000,0.1917,0.1932,0.1911,0.1926,449922.1
1669914000000,0.1924,0.1938,0.1915,0.1929,299673.9
1669917600000,0.1928,0.193,0.1913,0.1924,242638.7
1669921200000,0.1924,0.1927,0.1919,0.1921,149580.6
1669924800000,0.1919,0.1923,0.1902,0.1906,205957.6
1669928400000,0.1906,0.1907,0.1896,0.1904,213403
1669932000000,0.1905,0.1915,0.1902,0.1907,155542.5
1669935600000,0.1906,0.1913,0.1887,0.1902,280397.4
1669939200000,0.1901,0.1937,0.1896,0.1928,395215.1
1669942800000,0.1931,0.1931,0.1893,0.1906,259231.4
1669946400000,0.1906,0.1913,0.1878,0.1903,411091.7
1669950000000,0.1902,0.1905,0.1891,0.1898,195204
1669953600000,0.1896,0.1907,0.1881,0.1905,230138.1
1669957200000,0.1906,0.192,0.1904,0.1916,125208.3
1669960800000,0.1916,0.1918,0.191,0.1914,79606.1
1669964400000,0.1913,0.1922,0.1913,0.1918,137063.9
1669968000000,0.1918,0.1939,0.1915,0.1937,225885.6
1669971600000,0.1937,0.1948,0.1931,0.194,357444.5
1669975200000,0.194,0.195,0.1936,0.1948,169844.2
1669978800000,0.1948,0.1959,0.1944,0.1947,135027.9
1669982400000,0.1946,0.1958,0.1939,0.195,451705.1
1669986000000,0.195,0.195,0.19,0.1921,837501.6
1669989600000,0.1922,0.1931,0.191,0.1925,235825.9
1669993200000,0.1925,0.1937,0.1922,0.1932,188749.7
1669996800000,0.1932,0.1934,0.1919,0.193,194052.2
1670000400000,0.1929,0.1936,0.1925,0.1936,135373.6
1670004000000,0.1936,0.1941,0.1935,0.1941,99972.4
1670007600000,0.194,0.1953,0.1935,0.1953,138103
1670011200000,0.1954,0.1956,0.195,0.1952,88545.1
1670014800000,0.1952,0.1953,0.1944,0.1947,81610.2
1670018400000,0.1947,0.1952,0.1946,0.195,36114.3
1670022000000,0.195,0.1956,0.195,0.1954,87231.9
1670025600000,0.1953,0.2037,0.1953,0.2011,1341718.6
1670029200000,0.2007,0.2007,0.1985,0.1993,277472.8
1670032800000,0.1995,0.1998,0.1979,0.1996,242563.7
1670036400000,0.1997,0.1998,0.1959,0.1959,397099
1670040000000,0.196,0.1967,0.196,0.1961,121509.1
1670043600000,0.1962,0.1968,0.1961,0.1967,56008.3
1670047200000,0.1965,0.1965,0.194,0.1945,390980.6
1670050800000,0.1946,0.1947,0.1938,0.1942,50900.8
1670054400000,0.1941,0.195,0.1937,0.1944,271563.5
1670058000000,0.1945,0.197,0.1941,0.1963,693867.5
1670061600000,0.1961,0.1964,0.1955,0.1961,210171.7
1670065200000,0.1961,0.1965,0.1949,0.1964,244381.5
1670068800000,0.1963,0.1969,0.1962,0.1963,95177.4
1670072400000,0.1964,0.1968,0.1962,0.1962,57762.6
1670076000000,0.1962,0.1963,0.1949,0.1951,81862.5
1670079600000,0.1951,0.1957,0.1951,0.1952,47905.7
1670083200000,0.1952,0.1958,0.1949,0.195,133058.8
1670086800000,0.1949,0.1953,0.1945,0.1945,142052.5
1670090400000,0.1945,0.1958,0.1941,0.1947,169644.2
1670094000000,0.1948,0.195,0.194,0.1943,121305.6
1670097600000,0.1942,0.1944,0.1933,0.1937,68236.5
1670101200000,0.1937,0.1938,0.1931,0.1934,78528.4
1670104800000,0.1935,0.1936,0.1907,0.1915,115705.8
1670108400000,0.1915,0.1919,0.1908,0.1912,126374.4
1670112000000,0.1912,0.1921,0.1912,0.192,75341.1
1670115600000,0.192,0.1922,0.1914,0.1919,147501.8
1670119200000,0.1919,0.1923,0.1918,0.1923,33137.9
1670122800000,0.1923,0.1925,0.1918,0.192,134521.7
1670126400000,0.1919,0.1922,0.1916,0.1921,56518.8
1670130000000,0.1921,0.1924,0.1913,0.1915,100152.8
1670133600000,0.1914,0.1919,0.1914,0.1918,94555.5
1670137200000,0.1918,0.1919,0.1914,0.1916,73891.3
1670140800000,0.1916,0.1921,0.1906,0.1916,149907.1
1670144400000,0.1916,0.1916,0.1905,0.1905,183961.7
1670148000000,0.1905,0.1908,0.1901,0.1902,144421.4
1670151600000,0.1903,0.1906,0.1895,0.1896,161096
1670155200000,0.1896,0.19,0.1896,0.19,60816.1
1670158800000,0.19,0.19,0.1894,0.1896,102030.9
1670162400000,0.1896,0.1906,0.1894,0.1905,336868.1
1670166000000,0.1906,0.191,0.1904,0.1908,184715.5
1670169600000,0.1908,0.1911,0.1904,0.1904,99007.5
1670173200000,0.1904,0.1912,0.1899,0.1912,346427.5
1670176800000,0.1913,0.1922,0.1911,0.1916,226911.8
1670180400000,0.1917,0.1925,0.1916,0.1922,76391.5
1670184000000,0.1922,0.1929,0.1922,0.1922,69741.1
1670187600000,0.1924,0.1929,0.1918,0.1926,53143.5
1670191200000,0.1926,0.1932,0.1924,0.1925,45686.2
1670194800000,0.1926,0.1943,0.1921,0.193,153791.3
1670198400000,0.1931,0.1947,0.1923,0.1928,243349.2
1670202000000,0.1928,0.1942,0.1928,0.1941,78185.8
1670205600000,0.1941,0.1948,0.1938,0.194,73295.5
1670209200000,0.1942,0.1954,0.1941,0.1943,102617.8
1670212800000,0.1946,0.1957,0.1944,0.1956,92662.7
1670216400000,0.1957,0.1961,0.1947,0.1952,326501.5
1670220000000,0.1951,0.1954,0.195,0.1951,37711.4
1670223600000,0.1951,0.1956,0.1944,0.1946,161082.1
1670227200000,0.1948,0.1963,0.1946,0.1952,243529.1
1670230800000,0.1951,0.1951,0.1937,0.1938,119249.7
1670234400000,0.1939,0.194,0.1931,0.1938,356453.9
1670238000000,0.1937,0.1937,0.193,0.1935,119623.7
1670241600000,0.1935,0.1935,0.192,0.1922,208825.3
1670245200000,0.1923,0.193,0.1919,0.192,164922.5
1670248800000,0.1919,0.1922,0.1906,0.1916,206364.2
1670252400000,0.1915,0.1915,0.1892,0.1904,377240.4
1670256000000,0.1904,0.1909,0.1897,0.1902,116400.8
1670259600000,0.1901,0.192,0.19,0.1914,130495.9
1670263200000,0.1914,0.1921,0.1912,0.1917,90399.1
1670266800000,0.1917,0.1919,0.1868,0.1884,420590.9
1670270400000,0.1884,0.1888,0.1878,0.1885,76367.5
1670274000000,0.1887,0.1896,0.1885,0.1893,80781.4
1670277600000,0.1894,0.1896,0.1891,0.1892,20324.9
1670281200000,0.1893,0.1908,0.1888,0.1905,160252.1
1670284800000,0.1904,0.1915,0.1903,0.1909,102971.4
1670288400000,0.1911,0.1913,0.1906,0.1911,72055.7
1670292000000,0.1909,0.1918,0.1909,0.1912,53790.9
1670295600000,0.1914,0.1916,0.19,0.1901,86347.1
1670299200000,0.1901,0.1909,0.1889,0.1904,118110
1670302800000,0.1903,0.1905,0.1894,0.1896,59721.1
1670306400000,0.1896,0.1906,0.1894,0.1903,61213.2
1670310000000,0.1902,0.1905,0.19,0.1902,15551.4
1670313600000,0.1903,0.1909,0.1896,0.1906,66306.9
1670317200000,0.1906,0.1907,0.1895,0.1897,27068.4
1670320800000,0.1897,0.1904,0.1892,0.1904,235129.6
1670324400000,0.1901,0.1903,0.189,0.1899,122107.9
1670328000000,0.1898,0.1905,0.1897,0.19,306404.3
1670331600000,0.1901,0.1908,0.1898,0.1905,424880
1670335200000,0.1904,0.1913,0.189,0.1895,264863.5
1670338800000,0.1895,0.1899,0.188,0.1888,287163.6
1670342400000,0.1889,0.1896,0.1885,0.1886,107909.1
1670346000000,0.1887,0.1887,0.1871,0.1882,195660.7
1670349600000,0.1881,0.1883,0.187,0.1876,103711.7
1670353200000,0.1875,0.1888,0.1851,0.187,883458.2
1670356800000,0.187,0.1874,0.1865,0.1872,194867.5
1670360400000,0.1873,0.1873,0.187,0.1872,39086
1670364000000,0.187,0.1873,0.1869,0.1871,18989.5
1670367600000,0.1869,0.1886,0.1869,0.1883,82880.9
1670371200000,0.1883,0.1889,0.188,0.1888,144748.2
1670374800000,0.1888,0.1889,0.1877,0.1883,71703.5
1670378400000,0.1884,0.1885,0.1876,0.1878,73336.6
1670382000000,0.1877,0.1881,0.1873,0.1877,82694.1
1670385600000,0.1877,0.1878,0.1871,0.1877,82127.5
1670389200000,0.1877,0.1883,0.1871,0.1873,99077.3
1670392800000,0.1873,0.1873,0.1838,0.1842,347788.8
1670396400000,0.1842,0.1845,0.1793,0.18,868939.3
1670400000000,0.1798,0.1808,0.1793,0.1806,206739.4
1670403600000,0.1807,0.1818,0.1806,0.1816,157053
1670407200000,0.1816,0.1821,0.1811,0.182,85968.9
1670410800000,0.1819,0.182,0.1811,0.1815,70821
1670414400000,0.1815,0.1822,0.1815,0.1818,134725.6
1670418000000,0.1818,0.1832,0.1818,0.1831,203326.7
1670421600000,0.1831,0.1835,0.1824,0.1827,65871.3
1670425200000,0.1829,0.1833,0.1823,0.1829,67883.6
1670428800000,0.183,0.1832,0.1801,0.1818,802092.5
1670432400000,0.1819,0.182,0.1807,0.1808,67696.2
1670436000000,0.1808,0.1813,0.1802,0.1802,82359.1
1670439600000,0.1802,0.1806,0.1799,0.1802,84594
1670443200000,0.18,0.18,0.1775,0.1783,422291.2
1670446800000,0.1784,0.1787,0.1782,0.1786,62456.8
1670450400000,0.1785,0.1793,0.1785,0.1793,47725.2
1670454000000,0.1793,0.1797,0.1788,0.179,153950.7
1670457600000,0.1791,0.1801,0.179,0.179,82046.7
1670461200000,0.1791,0.1797,0.1789,0.1796,65483.7
1670464800000,0.1796,0.1816,0.1791,0.1809,105704.2
1670468400000,0.1808,0.1808,0.1804,0.1805,30466.8
1670472000000,0.1807,0.1812,0.1803,0.1804,46973.6
1670475600000,0.1804,0.1809,0.18,0.1808,63987.2
1670479200000,0.1807,0.1807,0.1798,0.1804,142281
1670482800000,0.1804,0.1818,0.1804,0.1813,110122.2
1670486400000,0.1812,0.1815,0.1808,0.1813,75418.3
1670490000000,0.1812,0.1851,0.1768,0.1778,6584548.3
1670493600000,0.1778,0.1791,0.1771,0.1777,1113069.2
1670497200000,0.1777,0.1777,0.1726,0.175,1515628.8
1670500800000,0.1752,0.1769,0.1751,0.1753,368122
1670504400000,0.1754,0.1759,0.1747,0.1759,241570.4
1670508000000,0.1758,0.1758,0.1736,0.175,371582.1
1670511600000,0.175,0.1761,0.1745,0.1752,471250.6
1670515200000,0.1751,0.1753,0.1748,0.175,79741.1
1670518800000,0.1751,0.1752,0.1746,0.1749,102513.9
1670522400000,0.1749,0.1779,0.1748,0.1775,376240.2
1670526000000,0.1776,0.1786,0.1771,0.1784,262354.5
1670529600000,0.1785,0.179,0.1774,0.1775,327178
1670533200000,0.1775,0.178,0.1774,0.1777,113390.7
1670536800000,0.1777,0.1785,0.1776,0.1783,78170.4
1670540400000,0.1784,0.1786,0.178,0.1781,110109.2
1670544000000,0.1781,0.1785,0.1759,0.1766,359424.7
1670547600000,0.1767,0.1781,0.1767,0.177,160146
1670551200000,0.1771,0.1772,0.1766,0.1771,42021.6
1670554800000,0.1771,0.1778,0.1771,0.1775,79685.4
1670558400000,0.1775,0.1808,0.1774,0.1778,425629.2
1670562000000,0.1779,0.1801,0.1779,0.1783,684137.8
1670565600000,0.1783,0.1794,0.178,0.1791,267990.5
1670569200000,0.1791,0.1799,0.1788,0.1794,114195.7
1670572800000,0.1794,0.1797,0.1783,0.1789,172068
1670576400000,0.1788,0.1797,0.1786,0.1792,340102.7
1670580000000,0.1792,0.1798,0.1789,0.1792,348879.4
1670583600000,0.1792,0.1794,0.1786,0.1786,91340.9
1670587200000,0.1787,0.1792,0.1765,0.1773,386962.2
1670590800000,0.1773,0.1775,0.174,0.1751,850476
1670594400000,0.1751,0.1756,0.1736,0.1755,498899.5
1670598000000,0.1755,0.1763,0.1751,0.1759,496924.1
1670601600000,0.176,0.1777,0.1748,0.1771,340626.6
